--- c ---
0.731979	0.512713	0.102840	-0.098588	0.806093	0.102978	
0.653631	-0.982222	0.084775	0.807613	0.081830	0.330044	
0.278088	0.001015	0.239747	0.749550	0.348210	0.501766	
0.892358	0.471986	0.594471	0.072617	0.969848	0.170122	
-0.010271	0.557164	0.685089	-0.093876	0.982423	-0.069144	
-0.073963	0.285731	0.226437	-0.685166	0.422303	0.200120	
-0.137349	0.621750	0.804907	0.662059	0.763048	0.204748	
0.320237	-0.030460	0.050769	0.189474	0.134044	0.152686	
0.601086	1.118097	0.367695	0.780007	0.637048	0.698876	
-0.031113	0.677903	0.468842	-0.174168	0.932298	-0.061724	

--- s ---
0.762745	0.075237	-0.504862	0.007342	0.857554	0.622774	
1.023859	1.612103	0.117599	2.731665	0.207019	0.970733	
-0.000178	0.229187	0.000090	-0.001142	1.009412	0.188579	
0.518540	0.211517	0.345295	0.397890	0.464792	0.144117	
0.708021	0.810359	0.253361	0.126230	0.098000	0.132770	
-0.002520	0.384623	-0.255236	0.781984	0.236801	0.418315	
0.014218	0.307991	0.822261	0.345666	0.631776	0.249020	
0.454539	1.082470	0.964623	0.012717	0.951557	-0.567079	
0.683600	4.862689	0.279653	0.032013	0.619919	0.565948	
0.545966	0.546017	0.446316	0.676968	0.481991	-0.000552	

--- p ---
0.457393	0.115732	1.919317	1.988081	0.883905	0.372309	
1.670793	-0.059432	0.705458	-0.439682	0.594118	0.487534	
2.086999	0.840263	2.132346	0.032284	1.508917	1.268934	
0.442895	-0.231117	0.195679	0.637834	-2.038484	-0.952316	
-1.217842	0.495908	-0.253803	-1.433139	0.368627	-0.737729	
0.433777	0.582286	1.975746	1.857433	2.071470	0.887693	
0.746263	1.279610	0.291560	1.157025	0.938444	0.927937	
2.586376	0.222050	2.711111	0.750108	1.521322	1.952677	
0.553739	1.106221	0.213511	0.100056	-0.593534	-0.161777	
-0.330445	0.157463	-0.164671	-0.279625	0.325172	-0.381128	

--- q ---
0.731507	0.548108	0.353947	0.790669	0.374090	0.258547	0.654963	0.838816	0.465567	1.831174	
